999
666
86
464
755
652
883
287
244
308
965
629
813
985
620
153
655
110
163
81
909
108
673
165
620
901
601
561
490
21
223
478
80
379
873
61
674
732
270
297
354
264
615
2
51
582
280
173
624
644
451
97
209
245
32
185
948
947
380
945
720
305
911
614
419
751
934
371
291
166
137
958
368
441
720
822
961
32
242
972
782
166
680
111
379
155
213
573
761
543
762
953
317
841
38
900
573
766
807
950
945
705
572
994
633
33
173
482
253
835
800
201
167
97
375
813
468
924
972
570
975
898
195
757
565
378
935
4
334
707
958
742
507
892
174
565
862
311
770
619
319
698
169
652
761
644
837
43
197
11
282
345
551
460
90
388
911
602
21
275
763
880
604
838
146
993
99
99
928
54
148
863
618
449
549
659
449
435
978
612
645
691
190
434
841
364
634
590
962
15
921
442
284
874
475
556
135
376
459
673
515
438
736
266
601
351
496
891
893
597
135
966
121
763
46
110
830
644
932
122
123
145
273
690
443
372
818
259
695
69
73
718
106
929
346
291
857
341
297
823
819
496
958
394
102
763
444
835
33
45
812
845
196
458
231
637
661
983
941
975
353
609
698
152
122
882
682
926
729
429
255
227
987
547
446
217
678
464
849
472
406
940
271
779
980
751
171
420
49
271
430
530
509
479
135
770
85
815
328
234
83
