1008
951
618
727
638
21
804
19
246
356
51
8
627
229
719
198
342
240
738
393
529
22
648
716
485
972
580
884
612
211
695
731
883
470
732
723
545
944
18
554
874
112
782
418
638
296
123
426
479
746
209
328
121
496
172
228
703
389
919
976
364
468
234
318
912
236
148
21
26
116
269
913
949
206
348
496
208
706
450
472
637
884
8
82
77
737
677
358
351
719
154
339
506
76
952
791
64
879
332
244
638
453
107
908
58
188
440
147
913
298
681
582
943
503
6
459
289
131
739
443
333
138
553
73
475
930
332
518
614
553
515
602
342
95
131
98
351
921
141
207
199
765
55
623
768
620
722
31
891
862
85
271
590
184
960
149
985
82
591
384
942
670
584
637
548
844
353
496
504
3
830
239
246
279
146
965
784
448
60
903
490
831
537
109
271
306
342
99
234
936
621
870
56
29
366
562
276
134
289
425
597
102
276
600
1
322
526
744
259
111
994
581
973
871
173
924
294
478
384
242
606
629
472
651
526
55
885
637
186
299
812
95
390
689
514
483
471
591
610
955
599
674
766
834
417
625
903
376
991
175
477
524
453
407
72
217
968
892
806
589
603
938
942
940
578
820
888
232
740
348
445
269
170
979
159
433
31
818
914
600
33
159
974
983
922
807
682
525
234
624
973
123
875
64
579
885
911
578
17
293
211
